1.0 0.776 0.000 0.000
2.0 1.232 0.000 0.000
3.0 0.920 0.000 0.000
4.0 0.640 0.000 0.000
5.0 0.856 0.000 0.000
6.0 0.792 0.000 0.000
7.0 0.704 0.000 0.000
8.0 0.808 0.000 0.000
9.0 0.760 0.000 0.000
10.0 0.656 0.000 0.000
11.0 0.584 0.000 0.000
12.0 0.664 0.000 0.000
13.0 0.656 0.000 0.000
14.0 0.728 0.000 0.000
15.0 0.688 0.000 0.000
16.0 0.664 0.000 0.000
17.0 0.712 0.000 0.000
18.0 0.632 0.000 0.000
19.0 0.464 0.000 0.000
20.0 0.376 0.000 0.000
21.0 0.400 1.088 0.000
22.0 0.464 3.856 0.000
23.0 0.576 2.920 0.000
24.0 0.536 1.400 0.000
25.0 0.416 0.904 0.000
26.0 0.424 0.960 0.000
27.0 0.536 1.096 0.000
28.0 0.568 0.800 0.000
29.0 0.520 0.760 0.000
30.0 0.536 1.008 0.000
31.0 0.536 1.240 0.000
32.0 0.624 1.528 0.000
33.0 0.536 1.048 0.000
34.0 0.504 1.160 0.000
35.0 0.608 0.584 0.000
36.0 0.560 0.720 0.000
37.0 0.592 0.640 0.000
38.0 0.648 0.752 0.000
39.0 0.504 0.752 0.000
40.0 0.672 0.520 0.000
41.0 0.616 0.568 1.088
42.0 0.576 0.608 3.496
43.0 0.672 0.656 1.632
44.0 0.776 0.432 1.344
45.0 0.872 0.392 1.336
46.0 0.768 0.368 0.992
47.0 0.808 0.336 0.656
48.0 0.712 0.448 0.728
49.0 0.768 0.576 0.536
50.0 0.752 1.768 0.736
51.0 0.832 1.768 0.832
52.0 0.624 1.568 0.936
53.0 0.664 1.040 1.032
54.0 0.664 0.904 1.264
55.0 0.728 1.120 0.992
56.0 0.416 1.160 0.608
57.0 0.024 0.944 0.464
58.0 0.016 0.704 0.640
59.0 0.024 0.616 0.552
60.0 0.008 0.560 0.504
61.0 0.024 0.400 0.560
62.0 0.016 0.432 0.408
63.0 0.024 0.376 0.392
64.0 0.016 0.440 0.480
65.0 0.024 0.472 0.536
66.0 0.016 0.512 0.520
67.0 0.024 0.560 0.400
68.0 0.016 0.568 0.280
69.0 0.024 0.456 0.496
70.0 0.016 0.584 0.384
71.0 0.024 0.520 0.368
72.0 0.016 0.560 0.520
73.0 0.024 0.616 0.328
74.0 0.016 0.576 0.408
75.0 0.024 0.912 0.512
76.0 0.016 0.968 0.544
77.0 0.016 0.584 0.568
78.0 0.024 0.024 0.584
79.0 0.016 0.016 0.696
80.0 0.024 0.024 0.616
81.0 0.016 0.016 0.576
82.0 0.024 0.024 0.392
83.0 0.016 0.016 0.624
84.0 0.024 0.024 0.656
85.0 0.016 0.016 0.624
86.0 0.024 0.024 0.664
87.0 0.016 0.016 0.576
88.0 0.016 0.024 0.552
89.0 0.024 0.016 0.472
90.0 0.016 0.016 0.408
91.0 0.016 0.024 0.480
92.0 0.024 0.016 0.504
93.0 0.016 0.024 0.504
94.0 0.016 0.016 0.488
95.0 0.024 0.024 0.568
96.0 0.016 0.016 0.584
97.0 0.024 0.024 0.616
98.0 0.016 0.016 0.640
99.0 0.024 0.024 0.560
100.0 0.016 0.016 0.568
101.0 0.024 0.024 0.520
102.0 0.016 0.016 0.344
103.0 0.024 0.024 0.504
104.0 0.016 0.016 0.496
105.0 0.016 0.016 0.560
106.0 0.024 0.024 0.616
107.0 0.016 0.016 0.656
108.0 0.024 0.024 0.488
109.0 0.016 0.016 0.336
110.0 0.024 0.016 0.480
111.0 0.016 0.024 0.504
112.0 0.024 0.016 0.488
113.0 0.016 0.024 0.560
114.0 0.024 0.016 0.560
115.0 0.016 0.024 0.608
116.0 0.024 0.016 0.560
117.0 0.016 0.024 0.720
118.0 0.024 0.016 0.656
119.0 0.016 0.024 0.496
120.0 0.024 0.016 0.416
121.0 0.016 0.016 0.528
122.0 0.016 0.024 0.496
123.0 0.024 0.016 0.488
124.0 0.016 0.024 0.424
