1.0 1.088 0.000 0.000
2.0 5.768 0.000 0.000
3.0 6.848 0.000 0.000
4.0 4.392 0.000 0.000
5.0 9.488 0.000 0.000
6.0 9.488 0.000 0.000
7.0 9.488 0.000 0.000
8.0 9.488 0.000 0.000
9.0 9.488 0.000 0.000
10.0 9.488 0.000 0.000
11.0 9.488 0.000 0.000
12.0 9.488 0.000 0.000
13.0 9.488 0.000 0.000
14.0 9.488 0.000 0.000
15.0 8.528 0.000 0.000
16.0 4.192 0.000 0.000
17.0 7.984 0.000 0.000
18.0 8.552 0.000 0.000
19.0 8.864 0.000 0.000
20.0 8.976 0.000 0.000
21.0 8.160 1.048 0.000
22.0 4.192 2.184 0.000
23.0 6.952 3.200 0.000
24.0 6.720 2.672 0.000
25.0 3.664 4.760 0.000
26.0 1.536 6.560 0.000
27.0 3.552 5.824 0.000
28.0 3.344 6.144 0.000
29.0 3.808 5.680 0.000
30.0 3.968 5.520 0.000
31.0 3.600 5.888 0.000
32.0 3.360 6.128 0.000
33.0 3.992 5.496 0.000
34.0 3.608 5.880 0.000
35.0 4.112 5.360 0.000
36.0 4.688 0.360 0.000
37.0 5.200 3.208 0.000
38.0 4.952 4.536 0.000
39.0 4.880 4.608 0.000
40.0 4.808 4.680 0.000
41.0 5.016 4.096 0.376
42.0 2.944 3.032 1.320
43.0 1.232 1.376 7.056
44.0 1.880 2.328 5.280
45.0 2.248 2.480 3.144
46.0 3.032 2.808 5.256
47.0 3.072 3.008 3.408
48.0 2.576 3.328 3.584
49.0 2.856 3.320 3.304
50.0 2.384 2.944 3.176
51.0 3.192 2.216 4.288
52.0 3.384 1.680 4.328
53.0 2.744 2.984 3.760
54.0 3.144 2.272 4.072
55.0 2.880 2.328 3.856
56.0 3.640 2.920 2.512
57.0 3.752 3.120 1.936
58.0 3.592 2.680 3.216
59.0 3.960 2.944 2.584
60.0 3.704 2.768 3.016
61.0 3.288 2.608 3.144
62.0 2.472 3.736 2.864
63.0 2.544 3.744 3.200
64.0 3.280 3.360 2.848
65.0 2.536 3.696 3.256
66.0 2.784 3.552 2.176
67.0 4.008 2.016 3.456
68.0 3.504 2.840 3.144
69.0 3.424 3.024 3.040
70.0 3.568 2.888 3.024
71.0 3.696 2.968 2.824
72.0 3.352 2.488 3.256
73.0 1.856 3.376 3.848
74.0 3.176 2.712 3.600
75.0 2.528 3.368 3.592
76.0 2.808 2.472 3.984
77.0 2.936 1.664 4.840
78.0 2.840 1.784 4.800
79.0 3.200 1.576 4.712
80.0 2.536 2.040 4.912
81.0 3.032 1.632 4.824
82.0 3.008 1.936 4.544
83.0 2.608 2.536 3.976
84.0 4.096 4.040 1.472
85.0 2.344 3.328 1.592
86.0 4.224 2.088 3.520
87.0 3.528 3.352 2.608
88.0 3.416 3.712 2.360
89.0 3.592 3.544 2.352
90.0 3.368 3.808 2.312
91.0 3.200 3.800 2.488
92.0 3.544 3.680 2.032
93.0 3.232 3.944 2.528
94.0 3.544 2.888 3.056
95.0 3.968 2.968 2.552
96.0 3.760 2.600 3.128
97.0 3.704 3.024 2.760
98.0 3.904 2.632 2.952
99.0 3.608 3.056 2.824
100.0 3.632 2.712 3.144
101.0 2.800 2.824 2.568
102.0 4.072 3.528 3.184
103.0 3.640 2.992 2.856
104.0 3.352 3.272 2.864
105.0 2.744 3.904 2.840
106.0 3.544 3.536 2.408
107.0 3.024 3.648 2.816
108.0 3.240 3.416 2.832
109.0 4.136 5.352 0.000
110.0 3.600 5.888 0.000
111.0 3.776 5.712 0.000
112.0 3.976 5.512 0.000
113.0 3.968 5.384 0.000
114.0 4.672 3.728 0.000
115.0 4.904 4.584 0.000
116.0 5.048 4.440 0.000
117.0 5.040 4.448 0.000
118.0 4.784 4.704 0.000
119.0 5.784 3.032 0.000
120.0 6.416 0.000 0.000
121.0 6.632 0.000 0.000
122.0 7.120 0.000 0.000
123.0 7.808 0.000 0.000
124.0 8.888 0.000 0.000
